6363544
6131322
6405955
6222220
6414538
6123950
6061535
6209029
6222948
6022322
6254648
6276034
6009547
6100729
6130215
6419553
6308131
6136233
6123534
6063853
6067449
6461435
6463129
6354337
6021215
6454546
6059765
6325750
6125124
6259975
6107958
6101836
6403637
6013739
6260326
6129136
6209965
6178351
6019861
6370329
6300523
6105952
6455445
6418966
6260014
6159350
6007333
6355028
6176761
6211215
6162123
6421739
6367764
6250428
6320215
6350845
6069767
6205537
6368871
6216854
6161848
6416232
6363856
6219967
6119966
6223119
6133328
6309862
6013427
6467557
6066550
6367556
6366969
6154751
6268038
6073543
6323952
6130943
6450950
6409447
6213637
6226128
6069247
6419969
6257553
6219759
6468248
6407441
6218964
6270640
6266864
6155130
6258868
6063645
6353126
6352019
6106435
6138343
6403429
6022114
6112633
6106643
6110939
6131530
6069871
6304015
6264130
6015225
6462958
6074130
6372543
6319864
6013115
6452956
6160637
6268870
6415853
6417963
6469875
6005015
6420216
6416336
6212946
6314537
6171122
6403741
6154231
6303740
6066342
6139450
6307960
6179250
6411009
6222324
6267867
6155234
6303324
6324123
6163750
6453855
6305850
6365966
6103218
6161640
6054854
6414330
6179458
6308963
6134539
6168557
6269145
6460120
6025227
6373026
6462542
6164441
6166655
6069039
6161224
6105744
6454234
6268766
6065131
6358765
6208026
6178767
6356967
6454130
6203323
6105640
6016852
6127650
6373754
6369250
6017127
6225333
6210316
6138031
6018650
6059453
6160117
6371332
6354857
6214016
6370953
6067657
6170431
6370225
6174443
6214224
6153540
6315228
6057551
6218756
6104845
6151222
6055649
6116021
6363024
6021319
6173752
6305954
6167554
6360847
6179562
6411529
6464236
6120837
6119654
6360535
6059661
6304639
6355652
6458766
6226960
6370537
6371124
6402426
6467245
6306541
6219031
6372023
6413119
6152121
6005743
6012320
6219135
6060636
6135854
6206644
6174235
6264650
6100833
6362645
6254856
6151014
6277557
6356759
6159246
6127130
6263855
6055753
6353854
6400732
6363752
6061015
6451537
6459249
6159038
6066238
6054438
6258452
6405019
6304431
6153748
6019445
6257969
6362437
6208962
6457659
6257241
6458870
6216126
6131426
6127962
6361434
6136545
6314433
6012008
6013947
6357346
6303220
6200522
6364027
6166447
6053227
6402530
6365758
6310629
6215435
6018754
6322637
6277869
6350221
6404432
6400940
6213117
6056132
6176865
6262332
6268142
6119550
6110523
6452124
6014326
6416752
6353230
6252642
6270120
6017647
6261537
6178663
6458974
6122947
6135958
6407025
6025019
6318653
6138239
6358037
6021839
6418342
6067137
6216542
6463337
6366033
6020732
6022738
6456760
6362333
6267347
6256030
6369146
6119446
6202112
6361122
6227443
6264234
6461539
6129032
6129552
6164337
6226544
6251847
6102527
6157448
6062538
6127858
6273441
6453543
6175238
6156341
6221321
6460224
6365134
6127234
6373442
6265445
6011941
6451953
6063749
6170015
6320527
6355548
6120733
6113636
6409239
6173024
6323016
6202528
6457347
6456448
6013635
6360951
6321738
6367660
6304119
6371644
6455757
6058762
6105848
6258140
6065859
6178455
6225541
6024640
6471437
6129760
6061119
6259039
6125332
6178143
6211423
6323224
6138551
6138759
6270744
6121008
6323744
6156445
6111630
6174651
6176033
6406542
6167034
6368559
6259871
6350429
6161536
6422222
6258036
6112217
6455341
6165756
6366449
6310733
6210732
6313950
6018234
6111422
6274444
6008752
6072540
6459873
6412220
6068036
6255859
6301110
6318341
6321218
6456344
6009651
6227547
6050530
6178039
6207335
6054750
6169768
6212426
6021631
6135542
6059141
6179666
6461019
6122427
6470122
6104949
6324955
6309134
6313846
6206124
6251223
6414746
6024848
6415541
6417755
6223951
6153020
6365550
6219551
6140009
6115330
6313014
6205225
6406126
6461227
6324539
6261433
6128029
6010938
6201421
6117232
6101732
6463025
6025331
6177348
6124433
6123430
6010314
6011525
6310421
6023013
6468768
6207231
6113740
6301214
6468560
6311944
6407545
6058138
6107022
6418654
6024328
6261121
6302841
6271123
6166759
6421843
6354441
6408860
6009755
6171330
6131010
6251327
6100521
6107542
6407129
6276970
6003425
6317754
6371852
6223743
6408028
6318237
6277973
6314017
6004220
6106123
6418238
6133952
6410734
6321530
6168141
6462230
6459353
6401527
6201213
6220006
6371748
6215643
6463961
6422534
6136337
6152849
6420008
6120941
6263439
6113428
6103322
6001315
6374029
6351224
6074338
6213533
6264442
6363960
6128757
6412532
6103738
6225645
6364547
6113532
6138447
6200418
6360639
6302633
6010002
6067241
6355964
6312843
6179770
6024224
6355132
6303012
6102423
6117648
6470434
6116853
6259143
6050322
6421115
6416960
6317442
6151118
6066862
6054334
6222012
6118131
6358973
6315540
6324227
6020316
6175550
6205641
6104741
6176137
6251431
6419761
6220838
6259247
6005847
6367244
6456032
6130839
6413535
6136129
6053851
6150115
6321634
6271227
6419033
6413223
6073647
6450846
6072644
6062226
6255755
6073439
6224850
6226440
6450534
6204222
6303116
6272022
6151430
6307856
6320943
6172957
6223431
6158971
6171746
6405123
6276138
6266240
6459041
6455133
6207439
6403013
6308027
6138967
6124537
6457971
6126335
6154127
6015433
6010834
6455861
6225229
6400108
6268350
6050426
6459665
6221529
6000104
6169248
6407337
6353438
6256550
6157344
6305122
6209341
6368663
6112529
6250532
6215227
6064752
6320423
6260950
6456552
6069975
6175862
6022842
6413951
6255027
6277245
6102631
6157968
6357034
6156757
6416024
6463649
6306437
6066134
6213845
6270952
6021007
6201109
6203531
6302113
6158035
6017751
6256342
6469043
6171538
6351744
6216334
6466242
6471541
6220318
6405643
6409967
6262228
6015849
6066654
6167138
6062018
6460432
6307440
6463857
6402634
6018962
6319136
6055961
6065235
6416128
6064648
6025123
6468976
6073127
6262436
6210212
6450326
6415957
6155026
6467661
6150531
6221945
6074442
6454338
6311736
6053019
6252018
6067865
6307336
6271019
6325854
6412844
6167450
6020940
6276866
6165132
6155338
6217857
6017023
6000520
6210836
6405539
6171434
6361538
6071849
6305226
6274652
6261849
6134435
6406646
6118235
6214536
6173856
6402010
6461123
6266760
6057135
6411217
6456968
6317858
6116125
6256134
6370641
6460952
6357138
6133016
6352539
6255339
6266032
6109236
6124121
6065443
6302737
6124017
6263335
6012424
6150635
6022218
6265029
6277349
6223327
6016956
6008648
6469355
6178975
6319968
6016228
6301734
6366657
6316335
6322845
6417651
6219343
6063333
6457763
6215851
6404224
6102007
6470850
6304327
6200626
6122843
6362853
6160013
6106019
6178247
6024952
6223639
6014846
6418862
6023949
6015537
6071329
6116541
6250636
6266344
6158347
6364859
6262124
6418550
6373338
6301526
6206332
6112425
6301422
6179354
6269665
6324747
6017959
6227339
6060532
6111006
6070222
6068868
6304847
6068764
6128133
6306021
6169040
6354025
6204742
6311632
6372959
6179146
6422742
6305746
6301630
6470330
6115122
6257345
6001107
6133640
6315332
6469771
6420632
6160741
6359248
6218028
6256862
6277765
6211319
6308651
6177452
6153956
6176449
6400628
6152745
6362021
6413015
6210940
6251743
